%YAML:1.0
---
cameraMatrix: !!opencv-matrix
   rows: 3
   cols: 3
   dt: d
   data: [ 1.0583731949831599e+04, 0., 3.4469511177190748e+02, 0.,
       2.4969939703048702e+04, 2.6245626551347368e+02, 0., 0., 1. ]
distCoeffs: !!opencv-matrix
   rows: 1
   cols: 5
   dt: d
   data: [ 1.4803348478441027e+01, -1.3393593311549803e+04,
       -1.1242487125759963e+00, 3.2102348963900490e-02, 0. ]
rvecs:
   - !!opencv-matrix
      rows: 3
      cols: 1
      dt: d
      data: [ -1.4657493429921079e-03, -3.0220546994652246e+00,
          8.6450644264865861e-01 ]
   - !!opencv-matrix
      rows: 3
      cols: 1
      dt: d
      data: [ -1.4657493429920899e-03, -3.0220546994652246e+00,
          8.6450644264865872e-01 ]
   - !!opencv-matrix
      rows: 3
      cols: 1
      dt: d
      data: [ -1.4657493429921266e-03, -3.0220546994652246e+00,
          8.6450644264865928e-01 ]
   - !!opencv-matrix
      rows: 3
      cols: 1
      dt: d
      data: [ -1.4657493429921621e-03, -3.0220546994652251e+00,
          8.6450644264865906e-01 ]
   - !!opencv-matrix
      rows: 3
      cols: 1
      dt: d
      data: [ -1.4657493429920635e-03, -3.0220546994652246e+00,
          8.6450644264865872e-01 ]
   - !!opencv-matrix
      rows: 3
      cols: 1
      dt: d
      data: [ -1.4657493429920537e-03, -3.0220546994652246e+00,
          8.6450644264865883e-01 ]
   - !!opencv-matrix
      rows: 3
      cols: 1
      dt: d
      data: [ -1.4657493429921279e-03, -3.0220546994652246e+00,
          8.6450644264865917e-01 ]
   - !!opencv-matrix
      rows: 3
      cols: 1
      dt: d
      data: [ -1.4657493429920995e-03, -3.0220546994652246e+00,
          8.6450644264866072e-01 ]
   - !!opencv-matrix
      rows: 3
      cols: 1
      dt: d
      data: [ -1.4657493429920249e-03, -3.0220546994652246e+00,
          8.6450644264865872e-01 ]
   - !!opencv-matrix
      rows: 3
      cols: 1
      dt: d
      data: [ -1.4657493429920767e-03, -3.0220546994652251e+00,
          8.6450644264865872e-01 ]
   - !!opencv-matrix
      rows: 3
      cols: 1
      dt: d
      data: [ -1.4657493429920667e-03, -3.0220546994652251e+00,
          8.6450644264865895e-01 ]
   - !!opencv-matrix
      rows: 3
      cols: 1
      dt: d
      data: [ -1.4657493429920355e-03, -3.0220546994652246e+00,
          8.6450644264865883e-01 ]
   - !!opencv-matrix
      rows: 3
      cols: 1
      dt: d
      data: [ -1.4657493429920863e-03, -3.0220546994652246e+00,
          8.6450644264865861e-01 ]
   - !!opencv-matrix
      rows: 3
      cols: 1
      dt: d
      data: [ -1.4657493429920988e-03, -3.0220546994652246e+00,
          8.6450644264865906e-01 ]
   - !!opencv-matrix
      rows: 3
      cols: 1
      dt: d
      data: [ -1.4657493429920628e-03, -3.0220546994652246e+00,
          8.6450644264865906e-01 ]
   - !!opencv-matrix
      rows: 3
      cols: 1
      dt: d
      data: [ -1.4657493429920448e-03, -3.0220546994652251e+00,
          8.6450644264865706e-01 ]
   - !!opencv-matrix
      rows: 3
      cols: 1
      dt: d
      data: [ -1.4657493429920865e-03, -3.0220546994652251e+00,
          8.6450644264865928e-01 ]
   - !!opencv-matrix
      rows: 3
      cols: 1
      dt: d
      data: [ -1.4657493429921507e-03, -3.0220546994652251e+00,
          8.6450644264865817e-01 ]
   - !!opencv-matrix
      rows: 3
      cols: 1
      dt: d
      data: [ -1.4657493429920383e-03, -3.0220546994652246e+00,
          8.6450644264865895e-01 ]
   - !!opencv-matrix
      rows: 3
      cols: 1
      dt: d
      data: [ -1.4657493429918826e-03, -3.0220546994652242e+00,
          8.6450644264865917e-01 ]
tvecs:
   - !!opencv-matrix
      rows: 3
      cols: 1
      dt: d
      data: [ 4.9532779761552284e+01, -1.3748605807533725e+01,
          2.5374031597576322e+03 ]
   - !!opencv-matrix
      rows: 3
      cols: 1
      dt: d
      data: [ 4.9532779761552284e+01, -1.3748605807533725e+01,
          2.5374031597576322e+03 ]
   - !!opencv-matrix
      rows: 3
      cols: 1
      dt: d
      data: [ 4.9532779761552284e+01, -1.3748605807533725e+01,
          2.5374031597576322e+03 ]
   - !!opencv-matrix
      rows: 3
      cols: 1
      dt: d
      data: [ 4.9532779761552284e+01, -1.3748605807533725e+01,
          2.5374031597576327e+03 ]
   - !!opencv-matrix
      rows: 3
      cols: 1
      dt: d
      data: [ 4.9532779761552284e+01, -1.3748605807533725e+01,
          2.5374031597576322e+03 ]
   - !!opencv-matrix
      rows: 3
      cols: 1
      dt: d
      data: [ 4.9532779761552284e+01, -1.3748605807533725e+01,
          2.5374031597576322e+03 ]
   - !!opencv-matrix
      rows: 3
      cols: 1
      dt: d
      data: [ 4.9532779761552284e+01, -1.3748605807533725e+01,
          2.5374031597576322e+03 ]
   - !!opencv-matrix
      rows: 3
      cols: 1
      dt: d
      data: [ 4.9532779761552284e+01, -1.3748605807533723e+01,
          2.5374031597576322e+03 ]
   - !!opencv-matrix
      rows: 3
      cols: 1
      dt: d
      data: [ 4.9532779761552284e+01, -1.3748605807533727e+01,
          2.5374031597576322e+03 ]
   - !!opencv-matrix
      rows: 3
      cols: 1
      dt: d
      data: [ 4.9532779761552284e+01, -1.3748605807533725e+01,
          2.5374031597576327e+03 ]
   - !!opencv-matrix
      rows: 3
      cols: 1
      dt: d
      data: [ 4.9532779761552284e+01, -1.3748605807533727e+01,
          2.5374031597576322e+03 ]
   - !!opencv-matrix
      rows: 3
      cols: 1
      dt: d
      data: [ 4.9532779761552284e+01, -1.3748605807533725e+01,
          2.5374031597576322e+03 ]
   - !!opencv-matrix
      rows: 3
      cols: 1
      dt: d
      data: [ 4.9532779761552284e+01, -1.3748605807533725e+01,
          2.5374031597576322e+03 ]
   - !!opencv-matrix
      rows: 3
      cols: 1
      dt: d
      data: [ 4.9532779761552284e+01, -1.3748605807533725e+01,
          2.5374031597576322e+03 ]
   - !!opencv-matrix
      rows: 3
      cols: 1
      dt: d
      data: [ 4.9532779761552284e+01, -1.3748605807533725e+01,
          2.5374031597576322e+03 ]
   - !!opencv-matrix
      rows: 3
      cols: 1
      dt: d
      data: [ 4.9532779761552284e+01, -1.3748605807533723e+01,
          2.5374031597576322e+03 ]
   - !!opencv-matrix
      rows: 3
      cols: 1
      dt: d
      data: [ 4.9532779761552284e+01, -1.3748605807533725e+01,
          2.5374031597576322e+03 ]
   - !!opencv-matrix
      rows: 3
      cols: 1
      dt: d
      data: [ 4.9532779761552284e+01, -1.3748605807533727e+01,
          2.5374031597576327e+03 ]
   - !!opencv-matrix
      rows: 3
      cols: 1
      dt: d
      data: [ 4.9532779761552284e+01, -1.3748605807533727e+01,
          2.5374031597576322e+03 ]
   - !!opencv-matrix
      rows: 3
      cols: 1
      dt: d
      data: [ 4.9532779761552291e+01, -1.3748605807533723e+01,
          2.5374031597576322e+03 ]
