%YAML:1.0
---
cameraMatrix: !!opencv-matrix
   rows: 3
   cols: 3
   dt: d
   data: [ 2.3027674128376634e+03, 0., 2.5326300752715954e+02, 0.,
       3.8442903099553149e+02, 2.4564492235242369e+02, 0., 0., 1. ]
distCoeffs: !!opencv-matrix
   rows: 1
   cols: 5
   dt: d
   data: [ 2.7804643513085407e+00, -2.4847716326995805e+01,
       7.8804112413264071e-03, 7.0379340353306730e-02, 0. ]
rvecs:
   - !!opencv-matrix
      rows: 3
      cols: 1
      dt: d
      data: [ -1.4619554664067522e+00, 1.3681421649026213e+00,
          -1.1637064264731833e+00 ]
   - !!opencv-matrix
      rows: 3
      cols: 1
      dt: d
      data: [ -1.4619554664067527e+00, 1.3681421649026213e+00,
          -1.1637064264731842e+00 ]
   - !!opencv-matrix
      rows: 3
      cols: 1
      dt: d
      data: [ -1.4619554664067527e+00, 1.3681421649026213e+00,
          -1.1637064264731842e+00 ]
   - !!opencv-matrix
      rows: 3
      cols: 1
      dt: d
      data: [ -1.4619554664067524e+00, 1.3681421649026211e+00,
          -1.1637064264731831e+00 ]
   - !!opencv-matrix
      rows: 3
      cols: 1
      dt: d
      data: [ -1.4619554664067524e+00, 1.3681421649026215e+00,
          -1.1637064264731840e+00 ]
   - !!opencv-matrix
      rows: 3
      cols: 1
      dt: d
      data: [ -1.4619554664067522e+00, 1.3681421649026213e+00,
          -1.1637064264731838e+00 ]
   - !!opencv-matrix
      rows: 3
      cols: 1
      dt: d
      data: [ -1.4619554664067524e+00, 1.3681421649026211e+00,
          -1.1637064264731840e+00 ]
   - !!opencv-matrix
      rows: 3
      cols: 1
      dt: d
      data: [ -1.4619554664067529e+00, 1.3681421649026211e+00,
          -1.1637064264731842e+00 ]
   - !!opencv-matrix
      rows: 3
      cols: 1
      dt: d
      data: [ -1.4619554664067527e+00, 1.3681421649026211e+00,
          -1.1637064264731838e+00 ]
   - !!opencv-matrix
      rows: 3
      cols: 1
      dt: d
      data: [ -1.4619554664067524e+00, 1.3681421649026211e+00,
          -1.1637064264731836e+00 ]
   - !!opencv-matrix
      rows: 3
      cols: 1
      dt: d
      data: [ -1.4619554664067524e+00, 1.3681421649026213e+00,
          -1.1637064264731840e+00 ]
   - !!opencv-matrix
      rows: 3
      cols: 1
      dt: d
      data: [ -1.4619554664067518e+00, 1.3681421649026217e+00,
          -1.1637064264731831e+00 ]
   - !!opencv-matrix
      rows: 3
      cols: 1
      dt: d
      data: [ -1.4619554664067522e+00, 1.3681421649026213e+00,
          -1.1637064264731836e+00 ]
   - !!opencv-matrix
      rows: 3
      cols: 1
      dt: d
      data: [ -1.4619554664067522e+00, 1.3681421649026213e+00,
          -1.1637064264731836e+00 ]
   - !!opencv-matrix
      rows: 3
      cols: 1
      dt: d
      data: [ -1.4619554664067531e+00, 1.3681421649026209e+00,
          -1.1637064264731842e+00 ]
   - !!opencv-matrix
      rows: 3
      cols: 1
      dt: d
      data: [ -1.4619554664067531e+00, 1.3681421649026209e+00,
          -1.1637064264731847e+00 ]
   - !!opencv-matrix
      rows: 3
      cols: 1
      dt: d
      data: [ -1.4619554664067529e+00, 1.3681421649026211e+00,
          -1.1637064264731842e+00 ]
   - !!opencv-matrix
      rows: 3
      cols: 1
      dt: d
      data: [ -1.4619554664067529e+00, 1.3681421649026209e+00,
          -1.1637064264731842e+00 ]
   - !!opencv-matrix
      rows: 3
      cols: 1
      dt: d
      data: [ -1.4619554664067522e+00, 1.3681421649026213e+00,
          -1.1637064264731838e+00 ]
   - !!opencv-matrix
      rows: 3
      cols: 1
      dt: d
      data: [ -1.4619554664067529e+00, 1.3681421649026209e+00,
          -1.1637064264731842e+00 ]
tvecs:
   - !!opencv-matrix
      rows: 3
      cols: 1
      dt: d
      data: [ -6.0989475094499106e+00, 5.1157943868862809e+01,
          1.9367441274744061e+02 ]
   - !!opencv-matrix
      rows: 3
      cols: 1
      dt: d
      data: [ -6.0989475094499044e+00, 5.1157943868862795e+01,
          1.9367441274744061e+02 ]
   - !!opencv-matrix
      rows: 3
      cols: 1
      dt: d
      data: [ -6.0989475094499097e+00, 5.1157943868862816e+01,
          1.9367441274744058e+02 ]
   - !!opencv-matrix
      rows: 3
      cols: 1
      dt: d
      data: [ -6.0989475094499115e+00, 5.1157943868862795e+01,
          1.9367441274744061e+02 ]
   - !!opencv-matrix
      rows: 3
      cols: 1
      dt: d
      data: [ -6.0989475094499106e+00, 5.1157943868862809e+01,
          1.9367441274744061e+02 ]
   - !!opencv-matrix
      rows: 3
      cols: 1
      dt: d
      data: [ -6.0989475094499142e+00, 5.1157943868862802e+01,
          1.9367441274744064e+02 ]
   - !!opencv-matrix
      rows: 3
      cols: 1
      dt: d
      data: [ -6.0989475094499079e+00, 5.1157943868862795e+01,
          1.9367441274744053e+02 ]
   - !!opencv-matrix
      rows: 3
      cols: 1
      dt: d
      data: [ -6.0989475094499115e+00, 5.1157943868862809e+01,
          1.9367441274744056e+02 ]
   - !!opencv-matrix
      rows: 3
      cols: 1
      dt: d
      data: [ -6.0989475094499106e+00, 5.1157943868862816e+01,
          1.9367441274744053e+02 ]
   - !!opencv-matrix
      rows: 3
      cols: 1
      dt: d
      data: [ -6.0989475094499124e+00, 5.1157943868862809e+01,
          1.9367441274744058e+02 ]
   - !!opencv-matrix
      rows: 3
      cols: 1
      dt: d
      data: [ -6.0989475094499106e+00, 5.1157943868862795e+01,
          1.9367441274744058e+02 ]
   - !!opencv-matrix
      rows: 3
      cols: 1
      dt: d
      data: [ -6.0989475094499142e+00, 5.1157943868862802e+01,
          1.9367441274744067e+02 ]
   - !!opencv-matrix
      rows: 3
      cols: 1
      dt: d
      data: [ -6.0989475094499115e+00, 5.1157943868862802e+01,
          1.9367441274744061e+02 ]
   - !!opencv-matrix
      rows: 3
      cols: 1
      dt: d
      data: [ -6.0989475094499097e+00, 5.1157943868862787e+01,
          1.9367441274744058e+02 ]
   - !!opencv-matrix
      rows: 3
      cols: 1
      dt: d
      data: [ -6.0989475094499053e+00, 5.1157943868862809e+01,
          1.9367441274744050e+02 ]
   - !!opencv-matrix
      rows: 3
      cols: 1
      dt: d
      data: [ -6.0989475094499106e+00, 5.1157943868862823e+01,
          1.9367441274744056e+02 ]
   - !!opencv-matrix
      rows: 3
      cols: 1
      dt: d
      data: [ -6.0989475094499070e+00, 5.1157943868862787e+01,
          1.9367441274744053e+02 ]
   - !!opencv-matrix
      rows: 3
      cols: 1
      dt: d
      data: [ -6.0989475094499053e+00, 5.1157943868862809e+01,
          1.9367441274744053e+02 ]
   - !!opencv-matrix
      rows: 3
      cols: 1
      dt: d
      data: [ -6.0989475094499133e+00, 5.1157943868862809e+01,
          1.9367441274744061e+02 ]
   - !!opencv-matrix
      rows: 3
      cols: 1
      dt: d
      data: [ -6.0989475094499097e+00, 5.1157943868862809e+01,
          1.9367441274744053e+02 ]
