%YAML:1.0
---
cameraMatrix: !!opencv-matrix
   rows: 3
   cols: 3
   dt: d
   data: [ 7.2584872926848593e+03, 0., 1.5450106114028921e+02, 0.,
       1.5083463754002787e+03, 2.0848863302698155e+02, 0., 0., 1. ]
distCoeffs: !!opencv-matrix
   rows: 1
   cols: 5
   dt: d
   data: [ 7.4209736294827682e+00, -3.9655622474112357e+02,
       9.2172632926373427e-02, 1.0807849972331814e-01, 0. ]
rvecs:
   - !!opencv-matrix
      rows: 3
      cols: 1
      dt: d
      data: [ 2.0214288546507229e+00, -2.3516065356218484e-02,
          2.3778793848386952e+00 ]
   - !!opencv-matrix
      rows: 3
      cols: 1
      dt: d
      data: [ 1.9879432010283724e+00, -2.2209974317290804e-01,
          -2.2640464813667300e+00 ]
   - !!opencv-matrix
      rows: 3
      cols: 1
      dt: d
      data: [ 1.9522032891456476e+00, 1.2151188585128413e-01,
          2.2996274562164274e+00 ]
   - !!opencv-matrix
      rows: 3
      cols: 1
      dt: d
      data: [ 2.0284012689038096e+00, -1.2742146319712092e-01,
          2.4198231387468887e+00 ]
   - !!opencv-matrix
      rows: 3
      cols: 1
      dt: d
      data: [ 2.0350863080323531e+00, -5.8668532078707675e-02,
          2.4130470908225314e+00 ]
   - !!opencv-matrix
      rows: 3
      cols: 1
      dt: d
      data: [ 2.0636675869001251e+00, -1.4227006183807742e-01,
          2.4336777913339840e+00 ]
   - !!opencv-matrix
      rows: 3
      cols: 1
      dt: d
      data: [ -2.0047096864201501e+00, 8.8170629309915122e-02,
          -2.3408496614681016e+00 ]
   - !!opencv-matrix
      rows: 3
      cols: 1
      dt: d
      data: [ -2.0104176077780944e+00, 1.4635020722499981e-01,
          -2.3497268768398634e+00 ]
   - !!opencv-matrix
      rows: 3
      cols: 1
      dt: d
      data: [ -1.3510373342426599e-01, -1.4319748436251403e+00,
          1.1242081642161751e-01 ]
   - !!opencv-matrix
      rows: 3
      cols: 1
      dt: d
      data: [ 2.0591116158939813e+00, -1.0942306244910183e-01,
          2.4037420934516578e+00 ]
   - !!opencv-matrix
      rows: 3
      cols: 1
      dt: d
      data: [ 2.1531042582985651e+00, -2.7710646243136411e-01,
          2.5317568489730387e+00 ]
   - !!opencv-matrix
      rows: 3
      cols: 1
      dt: d
      data: [ 1.9796912831232998e+00, 2.2271386137531785e-02,
          2.3539227360282249e+00 ]
   - !!opencv-matrix
      rows: 3
      cols: 1
      dt: d
      data: [ 2.0767538818134232e+00, -1.4329224844832916e-01,
          2.4390269327632170e+00 ]
   - !!opencv-matrix
      rows: 3
      cols: 1
      dt: d
      data: [ 2.0773823319585016e+00, -2.0989785771112035e-01,
          2.4467630958476394e+00 ]
   - !!opencv-matrix
      rows: 3
      cols: 1
      dt: d
      data: [ 2.0696916270055992e+00, -1.4329712765255548e-01,
          2.4503890907583679e+00 ]
   - !!opencv-matrix
      rows: 3
      cols: 1
      dt: d
      data: [ 2.0306953646798571e+00, -1.2213585959761247e-01,
          2.4016471374188857e+00 ]
   - !!opencv-matrix
      rows: 3
      cols: 1
      dt: d
      data: [ -1.8966694126385819e+00, 3.0626690120272559e-01,
          -2.2320098639130168e+00 ]
   - !!opencv-matrix
      rows: 3
      cols: 1
      dt: d
      data: [ -8.8797083315711067e-01, -1.0550401780224510e+00,
          1.2864186184795550e+00 ]
   - !!opencv-matrix
      rows: 3
      cols: 1
      dt: d
      data: [ 2.0270955565995012e+00, -1.1708212725008953e-01,
          2.4386727563667732e+00 ]
   - !!opencv-matrix
      rows: 3
      cols: 1
      dt: d
      data: [ -2.0964774283405210e+00, -3.6142252081313199e-02,
          -2.4787552210211432e+00 ]
tvecs:
   - !!opencv-matrix
      rows: 3
      cols: 1
      dt: d
      data: [ 6.1608878580492235e+00, 1.1316948970178358e+02,
          1.3850781638326334e+03 ]
   - !!opencv-matrix
      rows: 3
      cols: 1
      dt: d
      data: [ 2.3382789770209267e+00, 1.1662481605577541e+02,
          1.1851298573293152e+03 ]
   - !!opencv-matrix
      rows: 3
      cols: 1
      dt: d
      data: [ 7.4205511494054894e+00, 1.5609625091452608e+02,
          1.1270561138106114e+03 ]
   - !!opencv-matrix
      rows: 3
      cols: 1
      dt: d
      data: [ 5.3625496292324408e+00, 4.8271939098217871e+01,
          1.2062292677555658e+03 ]
   - !!opencv-matrix
      rows: 3
      cols: 1
      dt: d
      data: [ 4.0249575146891603e+00, 1.4179932610312002e+02,
          1.1092991609175203e+03 ]
   - !!opencv-matrix
      rows: 3
      cols: 1
      dt: d
      data: [ 2.9328836524826030e+00, 8.3691443515042096e+01,
          1.4187879298053683e+03 ]
   - !!opencv-matrix
      rows: 3
      cols: 1
      dt: d
      data: [ -5.6268026831217077e-01, 2.1795167528388743e+02,
          1.5184416185461123e+03 ]
   - !!opencv-matrix
      rows: 3
      cols: 1
      dt: d
      data: [ 4.3978969550542626e+00, 5.5310375261854546e+01,
          1.3884727615043219e+03 ]
   - !!opencv-matrix
      rows: 3
      cols: 1
      dt: d
      data: [ -1.2849085809436346e+01, -6.2461444448761085e+01,
          9.4502042152481124e+02 ]
   - !!opencv-matrix
      rows: 3
      cols: 1
      dt: d
      data: [ 8.1493602710958282e+00, 8.7493260371642137e+01,
          1.7013624348926137e+03 ]
   - !!opencv-matrix
      rows: 3
      cols: 1
      dt: d
      data: [ -9.5776023168543944e-01, 1.0369629993826551e+02,
          1.3380556315289432e+03 ]
   - !!opencv-matrix
      rows: 3
      cols: 1
      dt: d
      data: [ 3.6288565712082907e+00, 1.4006790972992218e+02,
          1.3035720960438348e+03 ]
   - !!opencv-matrix
      rows: 3
      cols: 1
      dt: d
      data: [ 4.4825137979405572e+00, 9.6802127219146200e+01,
          9.9983013495758041e+02 ]
   - !!opencv-matrix
      rows: 3
      cols: 1
      dt: d
      data: [ 5.6986620913960353e+00, 1.3308267297302098e+01,
          1.3012801667870206e+03 ]
   - !!opencv-matrix
      rows: 3
      cols: 1
      dt: d
      data: [ 4.0436037911422407e-01, 1.1125114827011008e+02,
          1.2325412690640326e+03 ]
   - !!opencv-matrix
      rows: 3
      cols: 1
      dt: d
      data: [ 9.9266060733105199e+00, 2.4932436502254046e+01,
          1.3055735319600308e+03 ]
   - !!opencv-matrix
      rows: 3
      cols: 1
      dt: d
      data: [ 5.7352257037510157e-01, 4.7121905678428845e+01,
          1.2757150142017499e+03 ]
   - !!opencv-matrix
      rows: 3
      cols: 1
      dt: d
      data: [ 5.2869230314272379e+01, -1.8706349151458946e+02,
          2.1301159754920409e+03 ]
   - !!opencv-matrix
      rows: 3
      cols: 1
      dt: d
      data: [ 5.3750932517158345e+00, 1.1447439088542184e+02,
          1.3231709378091725e+03 ]
   - !!opencv-matrix
      rows: 3
      cols: 1
      dt: d
      data: [ 9.7219289587742193e+00, 1.0252572175710969e+02,
          1.3634476434825528e+03 ]
